-15.071796 -2.7392457 0
-31.885063 18.578299 0
8.792257 0.52568656 0
12.293564 -16.83622 0
12.826108 -3.352014 0
15.1250515 -11.035768 0
13.51586 1.7315401 1
-24.04984 0.8164807 0
44.34453 -14.112734 0
28.839579 -7.0530863 0
36.098972 -9.403824 0
-25.516676 30.795324 1
-21.525518 27.082169 0
-10.031251 -5.662958 1
8.285215 -2.5587282 0
-22.773464 13.541801 0
-1.26389 -11.4992485 0
22.683283 -7.551923 0
18.915514 -17.526056 1
18.940584 -11.309022 0
11.681811 -8.103877 1
-2.939214 -10.123428 0
-18.433632 25.412561 0
42.127987 -6.506795 0
34.48217 -10.853694 1
-6.919764 5.860513 0
16.828543 -1.533858 1
39.48569 -9.309266 1
18.89036 -2.5591674 1
14.823749 -2.2512512 0
41.275185 -9.545838 0
21.510736 -12.095646 1
2.9939435 -8.272087 1
-26.080917 29.14008 1
-1.1892016 -11.596201 1
16.061073 -5.8764997 0
-3.856895 -7.440679 1
7.601852 -14.124129 0
16.977148 -11.358771 0
-19.979263 15.572553 0
21.032919 -4.492636 0
28.568815 -11.972693 0
-1.2763737 -16.372864 0
12.931865 -10.318075 1
13.549015 -9.878355 0
24.81099 -10.382892 1
-12.90934 2.3801293 1
-20.833277 24.378689 0
-13.62337 -5.5919547 0
8.125289 -12.611664 0
-15.8962755 -2.8362384 1
-16.705877 13.241863 0
24.036377 -16.568241 0
-25.206402 10.679586 1
44.450714 -12.753016 1
-21.555885 13.362962 0
9.417448 2.798859 0
-0.26438057 4.565877 0
-12.085689 -8.129508 1
13.685647 0.15238604 0
26.349676 -12.670195 1
-11.879568 2.7810922 1
-8.200932 -2.427846 0
18.801542 -16.75389 0
27.454287 -10.669867 1
21.01936 -3.4159138 0
34.668938 -9.748516 0
45.1002 -4.46294 1
13.886845 -11.395684 0
-23.419353 33.280624 0
37.841072 -10.485113 0
21.641924 -16.289663 1
26.192488 -11.113397 0
-31.712503 13.757086 1
-22.625887 16.420486 0
47.25947 -6.9072466 1
-31.006733 16.04752 0
-12.334951 4.3852105 0
20.920013 -6.7954893 0
3.2385602 -16.461487 0
-4.9264884 -2.0018704 1
-20.349821 30.597523 0
23.10128 -5.6194572 1
18.869774 -11.556299 0
-15.211541 7.084375 0
3.5612736 -3.9014344 1
0.17780924 2.8666956 1
27.254358 -13.627886 0
43.979553 -4.990268 0
-5.725424 -10.193694 1
37.323765 -11.626508 1
22.846085 -1.1769489 0
-31.335047 12.246903 1
-20.380554 6.5860147 0
-30.541182 14.520254 1
-9.941775 1.8068787 0
11.5172 -3.7976263 1
-33.69145 18.90939 0
-22.602516 26.282265 1
-11.361883 -6.696326 0
13.444122 -10.820854 1
4.6877403 -14.940282 1
13.747469 -14.609348 1
23.974796 -15.540186 0
43.60303 -7.916121 0
36.251846 -10.164337 0
12.012937 -15.649175 1
10.943286 -5.805469 0
47.10376 -9.310177 1
23.530182 -15.196791 0
45.016296 -8.913655 0
-23.469461 11.989801 0
25.016476 -2.9483745 1
-16.168482 13.102693 0
-21.22243 -0.65073025 0
42.072475 -9.216974 1
-0.78768903 -10.552692 0
39.9414 -12.580555 1
15.1265135 -4.7780776 1
28.157782 -12.417106 1
19.498255 -11.383031 0
-12.117277 1.6108843 1
3.2543163 0.4027243 0
40.411663 -7.234547 0
39.619877 -10.318094 0
-25.936853 7.6764655 1
41.34466 -17.09532 1
-6.768664 -3.913685 0
-21.442368 0.6986764 0
17.40171 -12.931533 0
-20.781034 29.35681 0
-1.9821869 7.6909723 1
36.05906 -16.082834 1
16.512539 -5.609126 0
-12.516447 -3.6598084 1
9.673734 -13.112214 0
34.021408 -9.444776 0
7.6554093 -1.4325784 0
5.7273736 -10.868831 1
-23.534819 16.420628 1
38.27653 -17.732347 0
-7.0485196 7.578674 1
11.1069765 -12.301429 1
38.36593 -4.714946 0
2.554876 -14.236457 0
46.376377 -11.413217 1
18.832344 -6.795947 1
10.1552515 -8.801759 0
37.90354 -17.690084 0
-18.182098 7.566661 1
-1.8877463 -3.9299839 0
-4.4073887 -10.145875 0
-11.765668 -6.018148 0
37.39219 -3.553649 1
-27.220247 29.245207 0
-24.91575 28.402908 0
-24.610054 2.5067468 0
-26.039309 12.617264 0
-23.82775 3.4397964 1
-20.4779 30.46325 1
21.268301 -8.459798 1
12.074173 -5.405899 1
36.31257 -13.755711 1
-26.241247 20.643831 0
-23.805922 8.356196 1
-0.3553753 0.8688775 1
-19.412374 17.626993 0
-20.547935 19.670607 0
39.362263 -12.365061 1
17.666222 -4.551267 0
-22.369074 30.28434 0
12.091353 -9.322221 1
0.6274424 -14.177947 1
-4.417914 -11.477801 1
-19.253777 9.156549 1
46.599377 -6.227171 0
-2.8880036 0.9296694 0
-23.638544 11.539678 0
-13.239329 -1.0077674 1
-20.341854 0.7866554 0
-5.360858 -4.2543325 0
-15.224998 3.6298203 0
-0.51172334 -4.499888 1
-8.334706 0.9099827 0
-23.2941 4.03177 0
13.473358 -11.188384 0
-16.858648 -10.186209 1
1.3052334 3.425103 1
38.193336 -18.44342 1
35.87417 -2.4493947 0
-21.047241 2.0392194 0
-0.7426275 2.5115554 0
16.021404 -0.5122495 0
-21.377728 -3.1761506 0
40.032196 -11.416218 0
-23.476572 4.8877773 1
23.43122 -11.044379 0
27.225344 -13.977625 1
-3.855336 7.494554 1
-28.78848 3.8827837 1
-8.068959 -8.146911 0
-11.334598 -5.4216456 0
-2.8685422 -6.593173 0
40.21434 -8.355715 0
-0.8358927 -8.765586 1
41.332287 -13.557264 0
8.928979 -4.8078885 1
15.857734 -0.02284576 1
-22.462175 29.663591 1
-25.060308 5.843189 1
15.975002 -14.540822 1
-13.163584 -3.7501938 1
45.3863 -10.366205 1
-19.801249 12.433905 1
14.806531 -3.0154011 1
-6.1986375 -3.891166 0
8.510947 -8.1133995 1
-6.4358325 7.725933 0
-17.739403 7.074973 0
-22.40966 18.019243 0
-24.740137 31.384247 1
-28.239172 26.033527 0
42.955574 -11.998006 0
-29.539999 28.323984 0
-21.13462 6.012543 1
-26.273434 30.154032 1
21.207191 -15.364813 0
-9.741611 1.7673011 0
-0.834414 6.2206407 1
-15.350492 0.62851626 1
-19.775478 6.1114864 0
13.593325 0.6972599 1
38.57759 -8.265944 1
0.07980617 -7.935109 0
-16.466648 19.083134 1
10.577316 -13.925752 1
0.2925009 -15.093128 1
-13.728012 -2.886834 1
28.826399 -13.726636 1
-5.3756223 -3.7423594 1
44.174816 -9.663617 0
-23.797915 25.651684 0
32.168907 -12.508723 0
7.92385 -6.676453 1
-17.625036 13.39358 0
-24.55218 24.550037 1
-11.328734 1.7478768 1
37.664165 -9.839981 1
-14.263526 2.9753933 0
-19.654512 19.038998 1
-19.385256 -4.7045226 0
-5.3719206 -12.539672 1
-7.619142 -6.857295 1
-4.67936 -12.078325 1
46.543118 -6.5653243 1
-11.132144 0.057254136 0
-13.775991 -1.8279054 1
35.85126 -8.712444 1
-14.6575365 -2.1312342 1
-25.366308 6.438042 0
8.244537 4.414537 0
9.782915 -5.9061503 0
-26.010609 25.0025 0
18.386442 -15.97333 0
-8.744061 -12.750797 1
34.78523 -1.2947032 1
-6.4330077 -10.557311 1
12.1512165 -1.4074452 0
-4.8483944 6.301624 1
-11.484855 -7.16912 0
7.3261952 -5.625833 1
16.188276 -3.0706275 0
8.02978 -2.9491842 0
14.813162 -17.215431 1
14.694766 1.8951914 0
46.68634 -10.580876 0
21.356441 -14.759216 0
-18.950071 19.154041 1
38.73968 -11.790701 1
-13.329611 0.104451165 0
14.32659 -10.076834 1
35.518906 -12.202814 1
-25.555342 19.31633 0
12.4366865 -0.44506648 0
-14.811724 -0.87777716 0
-5.082159 -9.729589 0
3.5695038 1.1639239 1
37.318928 -3.4595494 0
-6.73517 2.5964124 1
-32.358955 14.984578 0
-5.3920608 -9.996478 0
37.487644 -9.435029 0
35.984184 -8.027244 0
-27.175695 25.486565 0
-15.845232 -5.058041 1
22.483448 -10.874407 0
19.64249 -11.407304 0
40.632286 -6.6793027 1
-22.113493 1.742578 0
4.4894843 2.5685248 0
10.102369 -12.774647 0
-23.225628 2.5285144 1
33.901344 -11.761879 1
-9.921254 -7.6611886 1
-2.045903 -16.4053 0
3.4991436 -15.260612 0
-23.108269 9.004597 1
-18.67106 0.0060546235 1
-27.532486 8.917965 0
-21.962622 12.79577 1
17.312975 -5.3703694 1
39.219265 -13.7207775 1
20.271933 -7.6016245 1
6.225091 3.560474 0
-13.005533 -7.516039 1
-4.4072685 3.9708705 1
-2.7170103 -16.17021 0
28.597301 -8.777778 0
44.53436 -6.2194686 0
-10.911696 -0.96084815 1
35.244724 -13.697747 1
-20.811453 -0.19417596 1
2.1062722 -8.182077 0
6.313409 -5.756188 1
14.703757 -9.544614 1
26.371729 -10.89503 0
-3.640686 3.6133716 1
37.485798 -10.766077 1
-9.164395 6.8303485 0
-21.951027 4.545574 1
39.02883 -15.840275 1
-12.055374 -1.4486995 0
-24.092556 0.89053905 0
-27.932669 18.40723 0
9.671461 0.7755012 0
25.337267 -6.054684 1
26.646486 -10.298453 0
38.681404 -3.721028 1
-23.508394 8.990203 1
39.091938 -16.975012 1
-16.15774 3.209304 1
-24.068962 35.49916 0
-27.227446 26.633703 0
11.41195 3.3655167 0
-29.498089 10.61233 0
-24.06082 13.44188 1
16.441391 -15.12455 0
-11.319022 -4.3081536 1
-26.29811 9.952143 0
-25.12426 30.297796 1
27.007608 -13.190151 0
-29.649752 17.766003 0
-6.248861 -0.45652553 1
43.63768 -15.023415 0
-29.341751 4.8298078 0
9.525044 -5.993048 0
-11.015197 -5.6914196 1
9.5288725 -7.5709195 0
35.862446 -10.140552 1
-29.60609 15.551398 1
-9.633989 -4.099949 1
-15.761517 -10.877133 1
-25.787487 31.334017 0
32.314255 -12.684755 0
13.530402 -0.72042847 1
4.173825 -8.725218 1
36.53595 -9.12893 0
21.544403 -12.075637 1
-20.288597 24.620836 0
-5.143031 -2.5430377 0
38.69411 -17.730669 1
-15.954331 -6.3503337 1
37.920563 -12.027703 0
37.774696 -5.4731927 1
-22.953154 27.684248 1
26.028994 -9.441679 1
-17.258043 10.934508 1
-17.032131 19.48589 1
-13.00486 -4.600649 1
-23.943583 9.852974 0
-26.348404 17.009577 0
-6.5536265 -10.560185 1
11.807189 -14.260621 1
-26.050087 18.69221 0
-22.902618 28.310217 1
-3.3791325 -12.07911 0
25.472195 -15.119734 1
-28.102175 7.133842 0
-25.039259 22.661963 0
-26.280033 6.3788204 1
27.7685 -13.404746 1
-21.29858 27.067425 0
-12.148277 -11.013329 1
8.257749 -10.673588 1
6.85612 -3.0585444 0
32.140842 -4.7348213 0
2.560998 -5.9867845 0
-21.315979 18.36678 1
-3.8740757 -0.6621796 1
-22.533348 35.113194 0
3.183199 -15.053586 1
43.1981 -5.5491357 1
1.786859 5.7754264 0
26.561546 -6.1801877 0
33.674088 -1.1371049 0
-19.941805 6.0852447 0
-12.9316845 1.7630677 1
45.50857 -8.070654 1
-22.565077 -2.5331957 1
-26.79942 11.815895 0
-12.535468 1.7493422 1
-2.8026204 -6.6118703 1
-32.96576 18.194765 0
0.49022287 4.7220373 1
-32.1351 16.519484 1
15.231273 -2.9618523 0
-24.256765 34.195446 1
36.131706 -13.206469 1
-27.817284 10.210978 0
46.23393 -11.666935 0
38.311527 -8.840834 1
-19.65582 24.328636 1
-23.385721 34.654274 1
43.784645 -6.386592 1
-16.151386 13.828922 0
12.462546 0.4613215 1
-25.4721 12.974405 0
-23.688183 29.267544 1
-15.267746 -6.925019 1
42.96257 -17.929888 1
-13.176513 -2.4714348 0
46.69206 -12.858378 1
3.0333588 -10.5101795 1
21.101889 -10.450845 0
2.7245657 -8.173331 1
-8.342227 1.2346417 1
6.5262513 -8.96135 1
7.1679535 -16.363735 1
-0.8073884 7.178307 1
-24.150795 33.945442 0
34.28145 -3.19922 0
-5.2037396 -2.2499382 0
-3.5256922 -15.74941 1
1.0157111 -15.909488 0
-25.01239 35.09297 1
-24.50918 4.4773006 0
12.030559 -0.6884619 0
-24.213638 23.523197 0
12.367545 -10.386876 1
24.529547 -4.026917 0
30.06212 -8.151762 0
2.5429215 0.5427793 0
-3.9905984 -2.6049275 1
-26.260057 20.5596 1
41.11562 -17.303055 1
-22.708147 26.07316 0
2.6587245 -6.9476676 1
10.52581 -3.2558668 1
-14.582592 -8.356288 0
-15.88097 16.310925 0
-7.1193576 -2.9966147 0
-18.104195 -4.497213 1
-15.184583 -9.898195 0
-3.2579966 5.2008667 0
-24.086761 31.389885 0
3.9173956 -7.9330025 0
45.01539 -6.3745737 0
11.521221 -14.390008 0
-27.556908 30.698359 1
-28.517815 18.086624 1
46.493866 -13.427046 1
-20.47861 -1.3547155 0
-25.067242 34.997902 0
7.735962 -4.641487 1
-25.047129 35.168716 0
12.419542 -0.8943506 0
3.7558892 -11.955083 1
42.321407 -15.194146 0
11.139982 -0.55534375 0
-15.881995 -1.6979837 0
44.51636 -9.753723 1
-8.213618 -8.05958 0
12.793778 -16.259695 0
5.235557 -14.611886 0
30.175623 -9.60359 0
28.692743 -2.9115171 0
25.983727 -13.055769 0
1.7289511 -10.416948 1
12.308702 -17.087328 0
-23.185654 10.975763 1
18.655333 -17.848309 0
4.778296 -4.758435 1
-8.067819 4.098469 1
-27.986418 19.377916 0
-3.0642424 -16.134617 1
18.370317 -15.900421 1
43.364872 -14.753827 1
-11.095256 -1.743688 1
-15.169921 -6.7525334 0
-16.36248 15.419638 0
3.628243 -12.484625 0
-10.442588 -6.4550815 1
0.59885174 -9.039895 1
18.501755 -18.18467 1
2.474202 -14.571644 0
-22.543966 20.294533 1
15.513602 -5.0580897 0
28.151464 -12.042247 1
-21.84732 18.758404 1
-22.821968 12.246459 1
-32.77198 18.115746 1
-21.261568 30.879251 0
-18.930447 25.103214 1
12.272919 -13.392498 1
-22.297407 -0.13602191 0
-22.66391 11.695692 0
22.881664 -9.31193 0
-25.151466 26.427052 0
11.160091 -13.41718 1
-13.412356 -3.8770535 0
11.582071 3.7614825 0
19.566044 -3.5489964 1
-28.492104 20.586784 0
-23.801136 32.541393 1
1.7557493 -10.373397 1
8.333084 -1.1560806 0
18.947412 -7.2397423 0
10.198609 -7.903969 0
-30.674746 21.111118 1
-26.458591 34.552464 1
42.870026 -8.789615 1
-19.604897 12.298088 0
5.586512 -1.0454496 1
-21.663712 31.59265 1
-6.755807 -1.5303031 0
-19.159649 21.35037 0
-16.22997 19.834747 1
11.794764 -6.736601 0
42.917393 -17.383623 1
-25.750364 27.237524 0
9.130148 0.6248605 1
-24.118122 35.559586 1
-1.6467028 -8.091452 0
-6.1812024 -0.59620744 1
37.748356 -5.4773717 0
-19.026878 0.10693476 1
-28.413404 30.86991 1
2.4989774 -15.747882 1
-21.717686 17.066263 1
36.465885 -17.28328 1
-20.490166 -5.4916725 0
42.722496 -11.883919 0
26.317476 -10.819726 1
-19.840712 23.897688 1
0.89222336 3.858558 1
-22.609798 17.70414 0
-24.141294 35.293995 1
11.80091 -10.576467 0
-2.4677467 6.220541 0
-29.725769 24.676796 1
-17.473017 13.589381 0
-26.995045 14.56898 0
39.9431 -7.130661 0
-25.499035 19.987095 0
-22.862732 29.291496 0
39.316826 -15.168107 1
-20.26214 2.5512414 0
20.085108 -0.5742219 0
-5.1022477 -3.5112638 0
-29.407608 15.632355 0
-3.4290154 -2.364022 0
-17.106178 17.011423 0
36.83657 -11.52455 0
7.933526 -9.409237 1
16.734941 -3.3563251 0
19.350647 -8.746171 1
-1.5392573 -1.9031702 1
-21.836538 5.546452 1
36.794598 -6.6651974 0
40.374836 -10.079866 0
25.624346 -12.050336 1
-0.73386824 -1.1241024 1
-30.025473 17.088184 1
-25.381063 19.750597 1
-0.7812468 1.1896567 1
-1.7467073 -8.659241 1
28.109129 -12.1492 0
45.81028 -6.9281993 0
-1.069929 -9.122781 0
10.1518135 -2.123 0
-28.34959 20.322584 0
39.76971 -13.878636 1
-5.2179513 3.4544322 0
-16.412188 -0.47205317 1
-0.6795444 6.5224237 0
11.565668 -7.99044 1
-23.168322 5.9882903 1
-26.686811 26.007778 0
3.1831477 -8.403055 0
-28.836628 20.85039 0
9.204041 -1.4249556 0
37.448074 -11.9683485 1
-27.402727 6.7704487 0
-28.539104 3.8556564 1
-24.123863 9.1226 0
17.269651 -17.600555 1
27.493212 -3.9555445 0
-23.375248 24.708515 1
-22.531681 16.323511 0
-21.520718 -1.2163998 0
40.527786 -5.4430494 0
18.214237 -11.015288 1
8.972145 -3.4436471 1
-26.015247 32.929516 1
-27.111868 16.550797 0
42.718094 -17.277195 0
-25.202095 3.5539176 1
-27.52418 18.204765 0
-19.109303 -5.822872 1
-18.525265 -8.082612 0
13.383025 -12.753288 1
-6.2958894 -5.7460055 0
-26.29416 33.66877 0
-19.703642 16.658482 1
14.976214 -17.28979 0
2.4886398 -16.468739 0
-1.9136187 6.2911468 1
-13.88983 4.8174047 1
-22.60019 12.684665 1
4.6019077 -13.847385 0
-10.813018 1.2457323 1
-18.806047 21.69363 1
9.512821 -8.344058 1
39.752632 -8.45793 1
-11.108517 -3.5049646 1
-17.910532 -1.6835002 0
37.769356 -5.944761 1
29.602198 -8.826181 0
-19.213766 6.9844265 0
34.590828 -11.151622 1
-30.58186 14.517648 0
25.248573 -10.380226 1
-23.29409 2.5868917 1
40.394684 -15.281216 1
14.15275 -0.3188326 0
-17.77409 -5.724085 1
-24.050726 25.99664 1
-14.171833 0.7526957 1
22.501152 -8.475569 0
38.553642 -2.8580084 1
-24.215897 12.509544 0
-7.252377 6.154486 0
-23.558979 5.7323613 1
-28.245567 16.12596 0
0.660182 0.13456143 1
-30.46308 21.161177 0
-3.4873762 -11.075459 0
2.2585187 6.4085445 0
5.490025 -14.743167 0
-20.723423 4.6793337 1
-3.1739275 3.440563 1
-25.39307 17.057934 0
-27.52936 17.264025 1
-19.874916 3.7307432 0
-17.053345 5.770785 0
33.244648 -8.7781 0
5.1436152 -8.638114 0
-20.962547 30.865555 0
-24.019827 7.330542 1
38.553722 -7.5562363 0
23.077065 -17.33199 0
-23.086182 24.61553 1
24.28176 -16.448406 0
21.607542 -5.663049 0
-22.72279 -3.3507607 0
3.3354127 5.4238005 1
14.849752 -4.8302507 0
-28.352337 13.324497 0
1.4508764 -9.225849 0
-23.000864 6.537825 0
1.0135578 6.1291885 1
0.31059033 -13.413529 1
-23.468899 32.512966 1
26.779655 -5.8440075 0
39.46164 -11.23186 0
-15.152919 3.6494913 1
-17.365005 -3.6066384 0
-4.691121 -8.114728 1
-19.54955 -4.0676293 1
15.741613 -16.446566 1
41.233192 -7.85964 1
17.501888 -2.0260262 1
-1.9523549 -8.898939 1
20.30583 -3.9215062 0
-26.828959 15.457637 1
0.67081577 -11.9005 0
2.944057 -12.399788 0
18.542572 -15.207553 0
-2.1309874 -13.553368 0
-18.828201 13.076484 0
12.635075 -13.471298 1
-2.0503666 -6.770248 1
-14.948202 -9.3768015 1
5.7554946 -8.398383 0
-24.69397 31.18546 1
-21.583946 25.48445 0
9.053334 -11.162288 1
-27.757174 4.04189 1
-16.338917 11.974611 1
38.197025 -7.680312 0
-15.526042 12.461533 0
-18.7131 16.295801 1
2.1703968 4.6065583 0
-17.139227 -4.6512475 0
27.271872 -7.535218 1
46.567966 -10.094042 0
-30.298136 13.482151 1
-0.042376302 3.3534772 1
30.958797 -10.457498 1
-19.199963 10.930867 1
-27.023424 18.00478 0
17.443855 -10.157337 1
-18.308481 -8.190829 0
-21.04207 28.685303 0
7.6054454 -3.9222896 0
10.983103 -10.85747 1
3.3437161 -8.7477865 0
-19.025826 -2.8668191 0
-24.823303 25.738976 0
-29.75234 26.036081 1
23.257364 -17.274874 1
-31.773605 15.836891 1
15.117213 -12.010717 0
-3.5785468 -8.571563 1
-17.045168 19.52784 1
-17.425785 1.819946 0
36.85368 -17.66835 1
-8.824465 -0.50750875 0
47.083157 -9.416701 0
19.526382 -15.425298 1
-24.57509 29.18671 0
37.365047 -5.031272 1
1.578756 2.139735 1
36.306683 -2.4327743 0
-22.694052 13.850411 0
30.376488 -6.741477 0
-26.176168 14.341354 1
19.984324 -10.454365 0
-22.3301 18.54198 0
-5.443707 1.6459327 0
-20.63754 10.892469 1
-29.483532 18.606737 0
12.047882 -6.633345 0
2.1312046 -5.175568 0
14.445152 -11.695416 1
3.3706868 -11.770856 0
-28.184792 6.903824 1
22.115852 -18.105543 0
-25.95719 20.81275 0
37.10446 -9.53849 1
18.707813 -14.404966 0
0.65799624 -8.349001 0
-5.1639414 -0.72646916 1
-20.662285 8.695915 1
-15.376359 -9.303343 0
-24.943935 8.094111 0
36.935944 -12.684792 1
-26.866035 23.26041 0
-16.041529 18.588827 0
-10.05048 -2.8397932 0
-23.192507 13.048509 1
25.25948 -15.156229 0
19.938967 -1.088276 1
12.62251 -12.91055 0
11.51324 3.3415494 1
-13.892303 -6.9671736 0
22.080389 -5.519521 1
4.435666 -5.1137953 0
-18.648941 17.613808 1
-4.2136583 -11.276424 1
9.921688 -3.6088035 1
2.9727564 3.8082771 1
29.82201 -9.275356 1
-4.575912 -2.3215733 1
-20.055977 -3.980379 1
26.727907 -3.5736072 1
30.930126 -12.198169 0
-0.5061579 -9.875612 1
-8.089486 -0.53147525 1
-12.907707 -10.125193 0
-26.06256 23.653847 0
-12.617123 -4.948003 1
23.313854 -6.292116 1
14.822329 -0.3394231 1
21.957405 -5.7826505 0
-12.320997 -5.832189 1
-17.82604 -7.754137 1
-4.804355 10.222811 0
18.060144 -14.462715 0
4.5502877 -7.9967775 1
19.813328 -13.538942 1
23.69696 -9.855818 1
25.115623 -7.3726697 1
-18.91015 5.3350635 0
-0.06923275 5.078393 1
-14.040535 4.7476707 0
11.2539 -5.775522 1
-14.185109 -7.238909 1
-2.1116374 -10.003227 0
25.210838 -4.538034 1
44.592422 -4.740892 0
38.50279 -5.518569 0
34.464634 -8.119235 1
-24.678244 12.300637 1
-9.77178 -10.746251 0
34.488396 -11.742827 0
-25.448305 29.356295 1
3.0480626 3.2577252 1
-17.469772 15.937596 1
-15.873168 9.322516 1
-24.124828 4.1219015 1
0.11701065 5.611757 0
30.628422 -5.6173396 0
-23.051245 23.246832 1
43.305553 -9.039394 0
-16.373455 -0.22168797 1
14.20908 0.29414448 0
27.598495 -13.640734 0
-25.002909 33.681305 0
20.32155 -14.037314 1
-24.456057 31.021261 0
-23.517056 5.8453074 0
12.104683 -5.2048473 0
-25.034895 28.985937 0
-18.147663 18.186743 1
-10.022651 1.4987159 1
-29.392815 5.492379 0
-17.721952 6.84579 0
-0.5409241 -9.3604555 0
5.014814 5.155505 0
-22.214172 9.948056 1
-27.94715 4.684347 0
-16.984066 -3.3675256 1
12.113183 -11.913951 1
16.19526 -11.752423 0
-1.3325962 4.3229747 1
2.7443082 -13.3415575 1
-2.4766319 -14.815401 0
26.352005 -8.6358595 1
-21.892962 5.090532 0
-17.694017 8.205388 1
-18.44679 25.192986 1
-5.9591327 8.231123 0
-2.2289 2.5970762 0
41.84072 -14.236047 0
-25.961584 33.07743 0
37.559128 -3.7504606 1
-1.9841806 -4.6530485 0
-13.583393 -10.768853 0
-17.443628 8.163274 1
-12.720919 -0.16613105 1
-8.41492 4.1549363 1
-19.120378 -5.0036626 1
1.1491488 5.544439 1
6.7353654 -12.88038 0
-7.539613 4.116335 1
-18.818071 21.08812 0
18.419176 -14.92855 0
-24.383131 30.046783 0
-28.02159 14.56168 0
-21.160862 7.7858114 1
-17.899063 7.7224298 1
-17.758474 6.818814 0
-19.810665 25.463264 1
-6.6562896 6.1820917 0
-25.178392 23.356121 0
-25.217205 3.6304142 1
-23.960087 32.77055 0
7.8805985 -3.0033848 1
45.051857 -5.349852 0
-3.1206946 5.601449 0
9.328626 3.1898615 1
-8.755341 4.0934906 0
-30.818398 20.830074 1
-32.117462 19.198933 0
-2.7344866 4.0807776 0
-12.687928 -9.360146 0
20.85269 -2.2230568 0
-8.585048 -11.352862 0
-15.030821 -4.3400936 0
-3.5173972 8.103033 1
-17.738438 17.994213 1
31.58823 -8.396673 1
34.23557 -10.742895 1
-23.21868 23.972506 0
36.45146 -7.71693 0
-7.763367 5.9284534 0
13.3730135 0.39750287 0
26.1236 -4.943008 1
-18.676788 -5.1357155 1
2.676189 5.931466 0
-34.189182 17.259068 1
-8.668207 7.9158607 1
-24.978825 20.558552 1
-5.780067 -13.888962 0
-19.449503 -4.5279026 0
42.521225 -8.175157 1
-19.33099 -1.9477677 1
13.648885 -5.8010435 0
-10.419544 2.488649 1
-8.441261 -5.5739136 0
-2.573057 -8.627557 1
10.480729 -6.709642 0
-24.972385 15.531058 1
-22.810572 13.134898 0
-20.842274 23.02344 1
-24.404293 11.059236 0
3.4229825 -0.69224054 0
40.19561 -5.7980094 1
-1.1687483 -10.947628 0
19.017786 -2.4192364 0
-24.768038 35.507854 1
36.213745 -14.29003 1
30.279598 -8.164342 1
13.114158 -11.625304 0
21.369608 -15.9152155 1
-26.803228 10.263495 0
-22.194048 30.133131 1
-4.0906606 7.7132196 0
44.869278 -8.564545 0
23.820885 -7.010646 0
14.139242 -6.737968 1
2.1916173 4.5127745 0
-8.123921 4.2476225 1
-26.179453 25.426172 0
12.3337145 -3.1628582 1
-17.071667 -6.569388 1
-20.404922 2.233212 0
-21.28729 29.384909 0
18.442368 0.7697907 1
6.154317 -9.215204 0
38.40783 -16.662312 1
34.32415 -3.1296554 0
39.819324 -8.265369 0
45.403652 -5.919803 1
-6.8741894 -2.1781156 0
25.28883 -12.438944 0
-22.607525 34.184944 0
28.217636 -10.610632 1
-3.6955507 -3.720091 1
18.231438 -12.897071 0
-10.76291 -6.370405 0
-17.137672 12.663988 1
6.103321 3.3843408 0
-2.4565208 -9.776618 1
-16.565922 14.09748 0
21.803188 -14.727408 0
31.039608 -4.9377303 1
29.054125 -6.9918246 0
5.7117095 -10.69917 1
-19.86182 -6.715045 0
41.96821 -12.162949 1
-15.751888 14.668299 0
17.485853 -7.612764 1
22.958122 -10.380182 0
30.580652 -6.5376663 1
28.455006 -2.9232588 1
2.6823578 -0.16490288 0
-24.10314 32.98479 1
-4.9308977 2.644409 1
24.621252 -12.855527 1
-25.102613 26.515049 0
-14.477485 13.288811 0
-18.438791 12.435302 0
39.407257 -7.2737536 1
-1.4728401 7.4595876 1
24.837378 -10.647211 1
-4.534488 -11.457764 0
39.739845 -4.8975897 1
16.31553 -14.660188 0
-23.005281 20.359571 1
15.8152895 -3.3022165 0
-24.83804 35.502476 0
45.89727 -8.18771 0
-6.3286386 6.1250896 0
-27.923779 25.020937 0
26.121626 -6.922968 0
-22.917906 4.72998 1
43.675095 -8.017191 1
-22.037712 13.869126 1
-15.479582 17.820105 0
-14.606556 -3.637515 1
4.671914 -6.0352197 0
-30.587034 22.236534 0
-25.985388 16.189123 0
-9.919052 -11.825742 0
-10.298716 -9.790161 0
21.080797 -13.17744 1
-22.028788 25.114494 1
9.360265 -11.870507 1
-20.766266 16.796862 1
15.321437 -10.442943 0
0.2108991 -10.002391 1
36.942146 -2.838062 0
-0.47754833 3.9100258 0
-2.8715482 8.344988 0
-29.585133 22.689783 1
-4.904867 -9.668688 0
5.340155 -5.7969666 1
38.591694 -8.467054 0
38.285355 -8.287949 1
17.061012 -5.094953 0
-24.751923 18.674227 1
-5.9469166 6.5791507 0
-21.289665 3.7845695 1
-23.066723 18.008444 1
29.338213 -5.31564 0
-17.984547 -0.1617658 1
39.192497 -13.0814705 1
22.960825 -1.2949728 0
41.364075 -15.270839 1
-1.754613 5.5149426 0
14.00234 -2.054945 1
39.115173 -10.376302 1
1.015633 -13.46999 1
26.643976 -3.8892562 1
-16.084486 11.417109 0
-11.385734 0.7194537 0
40.252815 -12.24325 0
19.831793 -18.23368 1
-19.030796 7.888733 0
-3.4315608 -14.670987 1
3.6684175 6.474188 0
12.4607935 -6.156085 1
-0.67658454 -6.1759763 0
-0.5974352 8.442285 0
-3.4068787 2.6250143 1
24.177134 -3.7579446 0
-24.465263 19.953674 0
-8.652225 8.920688 0
15.199512 -8.266873 1
35.47111 -7.6160574 0
-31.58375 21.864887 0
-12.049753 -3.6778502 1
16.670519 -9.074125 1
-19.168205 -8.000585 0
3.9919393 -5.37243 0
-22.49354 26.821066 1
46.94367 -10.719241 1
-28.208408 12.665153 0
46.207565 -6.396535 0
37.835938 -3.7998805 1
-26.961494 14.672852 0
19.255396 -16.759619 0
-22.535717 33.181824 1
22.514612 -4.26076 1
-29.389833 11.87091 0
-12.575182 -5.471088 0
-17.20806 5.137707 0
-13.826203 -3.7044852 0
-22.336046 3.0287602 0
-31.695751 18.2394 0
-14.424588 -9.637249 0
0.055776194 2.0683277 1
-2.9922135 3.8572884 1
-2.2127545 7.7275047 1
5.035784 -12.871154 1
24.983007 -2.6435544 0
40.08515 -18.256313 0
-34.186783 17.236204 1
13.958542 -16.14938 0
-21.999065 24.539883 0
-20.46365 9.315084 0
-24.534119 17.493853 0
28.19582 -8.369836 1
19.720554 -1.5093346 1
39.29512 -13.1803 0
-20.148932 -2.7247095 0
-17.72246 9.515218 0
-23.398605 29.02618 0
-23.32385 13.84342 0
41.65599 -6.6191144 0
-29.75571 12.483328 0
0.50364846 4.9514947 0
-4.6800413 -6.451718 1
17.675531 -16.341415 0
-5.9799685 -1.9250278 1
17.131199 -9.43886 1
-30.193438 18.645308 0
-29.285954 23.616205 0
-19.154137 -1.3272208 0
-12.62492 -4.0118904 0
-19.15132 18.402596 1
38.207867 -11.867484 0
-21.3093 23.478848 0
-11.07307 0.62392074 0
21.4659 -18.35617 1
-1.4513781 -11.012581 1
-24.554049 31.258343 0
-24.258795 33.314384 0
-12.260309 -6.413312 0
26.863754 -3.0440242 1
20.197273 -14.933615 0
-23.517118 12.598718 0
-34.748257 16.544516 0
-3.5443563 -12.15446 0
-15.312601 3.8693237 0
-12.791738 -3.044024 1
23.935303 -13.780317 0
17.138044 -3.2570112 0
-1.2917734 -6.70314 0
-6.9289 10.876492 0
-24.813648 23.66273 1
-23.640759 24.31837 0
9.262032 -8.881672 0
-26.101107 24.152714 1
-22.517715 28.67046 1
-1.7415485 3.3794787 0
42.270096 -17.069176 1
-18.852575 -6.905286 1
-22.405132 11.6448965 0
-17.473787 11.432857 0
-1.1440097 -15.100927 0
-8.570296 -5.8001313 1
12.321971 -10.177104 0
-17.247597 11.748614 1
-15.771793 4.3965287 0
-5.1372504 -2.8864143 1
-10.668605 -9.822861 1
18.34719 -0.5338557 1
-1.9512887 -0.5560333 1
39.592167 -6.16196 0
-16.716444 -7.5551467 0
36.19174 -7.4374146 0
29.083323 -12.298954 0
-20.316515 14.250877 0
35.551544 -2.359878 0
-23.008654 10.618948 1
0.81196076 -11.173904 0
-16.71153 6.136178 0
3.1787455 -1.2402076 0
34.70963 -8.987223 1
5.127082 -11.442299 0
-3.2837749 -4.587073 0
-5.070676 -5.0753593 0
-25.546108 5.7952003 1
-4.0968804 4.7346926 0
7.215044 -16.373652 1
19.761389 -5.3994946 0
25.386028 -3.5549645 1
-2.1798255 1.3215332 1
-1.0923555 -7.226099 1
6.755283 -9.490276 0
35.897015 -10.213476 0
-26.551844 17.106749 1
22.252022 -5.81729 1
4.940043 3.209463 0
-24.723215 11.608103 0
-28.615774 12.61633 1
7.786695 -6.4046063 0
-9.66434 3.4892428 1
-28.610304 29.428282 1
9.973412 -2.7054057 1
-6.951221 3.563736 0
-12.41465 -2.7761762 0
24.598938 -13.378095 1
26.774378 -5.064064 0
11.614354 -7.565193 0
-22.006409 8.29621 0
28.70329 -5.3242006 0
-34.020893 18.909456 0
0.35805348 -13.183636 1
44.07206 -4.5846357 1
-33.046185 14.029437 1
38.86604 -5.8187585 0
41.072006 -9.170204 0
0.6679162 -10.888039 0
36.36625 -8.277138 0
-23.77831 26.958206 0
23.023066 -13.400148 1
-2.1664424 -2.6784942 1
41.334354 -14.3122635 1
-20.678928 12.237191 1
-3.4706552 3.0926352 1
-21.726887 14.024455 0
-18.482407 26.286324 0
21.969164 -18.12769 1
-19.626234 -0.76862353 0
-6.701138 2.7883728 0
-18.672346 22.234514 0
40.489292 -13.814975 0
-6.13698 -2.3974338 1
-16.46218 4.3649325 1
-13.964979 -9.883819 0
38.714207 -7.384412 1
40.53493 -11.74683 0
12.736874 -16.476643 1
-15.113242 10.738683 1
46.891914 -10.806548 0
-22.967361 33.96134 0
12.850417 -10.350207 1
14.851058 -9.048601 0
-29.38681 10.501723 1
5.0127153 -7.687065 1
25.404137 -8.054737 1
-8.842852 8.114525 0
11.840497 3.5270324 0
3.3399844 -7.8570986 0
-26.797132 21.794788 0
-27.186296 7.02653 0
21.521868 -6.648836 0
-0.38358244 6.1596866 1
-4.688246 -0.71712834 0
22.990816 -13.987754 1
17.052654 -6.899423 0
-14.070977 -7.7830124 0
35.810772 -11.760274 0
-19.108997 7.96482 0
3.537632 -8.457221 0
-22.173313 7.8140535 0
-7.9185653 -12.589008 1
-23.453674 17.92385 0
-6.1689563 3.9621508 1
40.394497 -15.916899 0
1.8180612 7.053188 0
-13.7236185 -1.244376 0
22.386444 -14.347606 0
-26.12957 29.746645 1
29.382137 -7.8683457 0
24.772688 -11.607823 1
18.263468 -12.423747 1
-20.581419 17.678125 0
-6.460616 5.312174 0
-18.839886 -3.4118774 0
11.395746 -5.214934 0
35.280285 -9.377679 0
11.062953 -12.65726 1
7.9683723 -3.22006 0
-23.215117 19.30646 0
-1.0628887 2.852268 1
-3.9331524 -3.1403801 0
16.550621 -2.1396089 0
-11.381355 -8.405079 1
20.93617 -7.2299457 0
-19.412582 18.184303 0
-8.859919 9.202324 1
-20.136747 10.825481 1
-24.111761 0.87084323 1
43.01795 -10.3684 1
39.474216 -14.427374 0
42.694683 -10.000616 0
11.318474 4.0268784 0
1.7444341 -13.369869 0
18.911661 -13.5786495 1
-16.18989 -9.251413 1
-15.7641735 -1.6395432 0
19.18632 -4.607034 1
36.43072 -11.25118 1
42.505997 -15.805294 0
36.94727 -17.63818 1
39.85952 -17.896591 0
-24.57733 34.20981 1
-22.742058 31.487421 1
-26.299978 15.384262 0
-14.393936 -1.5744032 0
14.34316 0.660456 1
-31.443186 14.561252 0
-24.301048 28.246037 0
-14.006223 -10.939871 0
44.717934 -5.3585277 0
42.95072 -13.150134 1
-0.8706924 8.051169 1
-29.32548 14.741231 1
-19.95622 25.257532 0
23.398342 -17.788214 0
-0.7306058 -13.258774 0
27.298912 -7.763776 0
18.080166 -9.23807 0
42.408806 -14.382734 1
-31.6109 15.139342 0
-3.9636655 -3.7067301 0
20.01028 -6.335138 0
1.9997036 -3.4130838 0
-25.809736 17.637678 0
15.314305 -4.750838 0
-20.792517 24.680075 1
28.110922 -14.451441 1
-21.927114 12.226373 0
-22.459637 20.041075 1
-20.77511 -4.4495683 1
0.08346982 -8.8615675 0
-28.353779 15.215757 1
-16.31003 13.712136 1
40.609394 -14.231179 1
5.464019 -4.4849057 0
39.755997 -7.709112 1
6.195706 -4.660291 0
14.669218 -15.722153 0
3.9281063 -7.213996 1
-28.795055 26.800423 1
22.425665 -2.8490646 1
-16.343632 -7.2892265 1
11.38349 -9.74708 0
25.256546 -13.042368 0
-22.798903 12.765207 0
24.867008 -8.956555 1
-3.649613 -1.5843387 0
9.696868 -4.6353574 0
41.424934 -13.466964 0
-8.659277 -7.9167433 1
28.90737 -9.48369 1
15.6812525 -16.63399 1
-16.515295 -7.809216 0
-20.817457 17.95842 0
-29.673344 10.713488 1
39.520325 -17.416584 1
21.701857 -8.803442 1
-1.1071517 -10.667944 0
0.7413801 6.759738 0
9.638507 3.963955 0
-26.73083 12.609029 1
-20.611643 25.982409 0
10.18039 -17.27475 0
17.862251 -12.2484 1
-18.257387 18.424698 0
-5.820453 -8.886339 0
-0.19362698 -6.6250496 1
-25.49817 7.899399 1
41.82529 -10.051996 1
-1.2814983 7.767188 0
-31.094402 16.96581 0
-5.8022757 5.2510505 0
20.47694 -12.376285 0
-29.03469 23.739752 1
-20.36405 -0.24168733 1
38.55096 -12.247936 1
25.854443 -9.736726 0
6.2800937 -4.625691 1
9.814951 -14.462956 0
-19.079344 17.991577 0
39.014145 -10.5746975 0
-31.660439 17.141132 0
-0.62734425 2.4332244 0
-9.581038 0.89189136 0
-14.174226 -4.4756055 1
-16.674482 7.818825 0
7.786558 0.6743682 0
27.072865 -7.2771306 0
17.172035 -13.651452 0
9.175206 0.40144926 0
-24.463396 19.137926 0
39.51485 -15.709591 0
41.1667 -19.158686 0
-24.457443 19.722557 0
18.233427 -13.864293 0
-11.878543 0.31074694 1
40.652954 -13.956616 0
31.760345 -6.4679008 0
-10.721989 3.2898545 0
-3.0126731 8.81087 0
-0.25478795 -9.33027 1
10.625661 -7.0635138 0
-12.141765 -0.5073253 0
-3.2878563 5.118604 0
-9.731801 -10.342589 0
40.15322 -18.33193 0
10.562505 -2.1399572 1
-24.297459 32.94153 1
4.9065514 -10.5763445 0
11.910627 -2.197521 1
-24.92542 32.892693 1
16.412708 -0.59267884 1
-2.2784226 -15.318026 0
1.2407466 -12.261023 1
43.14555 -13.280295 0
20.367853 -3.6469328 0
-28.619774 25.5177 1
-25.006916 3.5449655 1
21.529583 -6.918402 0
45.67923 -6.7731643 1
27.265478 -11.588017 0
27.024332 -9.90069 0
10.876891 -5.7664056 0
-25.147821 23.914654 0
-27.555399 28.913914 0
-24.841389 32.9877 1
8.252191 -0.9860861 1
-29.986448 11.942557 0
39.849804 -4.4661245 0
32.486874 -12.929954 0
-11.3433485 2.119106 1
10.978413 -13.054866 1
38.08547 -9.5043955 1
12.208741 -13.405398 0
-30.524462 15.418559 1
-25.070234 17.425539 1
35.30022 -11.09279 0
-2.4489722 -1.4439114 1
-20.023773 5.7636194 0
41.24716 -8.447832 0
-23.61701 22.922129 1
-2.4202442 -1.6795055 0
2.4992177 -15.121836 1
-4.9064465 -12.345502 0
5.0030026 4.3622036 0
10.263209 -11.868953 0
-14.477906 3.4692154 0
-29.764088 12.894682 0
-20.255236 13.211186 0
41.30874 -14.835055 0
-25.049686 29.099642 1
-3.234628 -5.95932 1
-2.2553844 -4.78164 0
-27.462946 24.897568 0
-4.975257 -0.23759326 0
-19.760561 10.20306 0
24.801119 -13.267507 1
-23.988363 27.76375 1
-12.820018 0.7804284 0
16.36162 -15.175381 1
-15.187269 -7.5789504 0
-8.147041 -12.494895 0
39.354313 -3.865825 0
-31.229881 17.24942 1
-12.641798 -6.295635 0
-5.9866624 4.6608233 1
1.4119946 1.7668791 1
10.787016 -9.919322 0
-21.301054 -0.29153776 0
38.632847 -13.3956995 0
42.329174 -7.5640287 1
-22.117367 22.91447 0
-1.0679002 -13.182859 1
5.119681 3.2188413 0
-7.703902 8.092428 0
13.4134 -8.037058 0
23.315346 -7.8571725 0
-17.638918 1.9185839 0
22.99012 -12.097235 1
-20.85812 16.084017 0
-21.617624 23.591692 1
-17.158514 -3.8646765 1
19.219915 -9.215868 1
-9.351526 2.5084264 1
-24.223042 10.318337 0
-26.724613 8.413777 0
-14.346003 -5.302207 0
-21.031023 7.0120616 0
-15.444737 12.201892 0
-22.797714 32.93244 0
-13.251827 -7.39927 1
-29.043293 15.563675 1
-25.436762 24.319225 1
37.807053 -11.039614 1
37.603294 -8.349383 0
42.7923 -11.3378315 0
-19.78678 17.646118 1
-26.086874 34.104618 1
6.688683 -6.905644 1
0.22473909 8.7807255 0
-2.2492337 4.2001977 1
-26.327953 28.406693 0
-4.091569 -5.9530554 0
36.102623 -9.759931 0
44.45488 -12.778248 1
19.995258 -4.49769 0
-24.146688 3.6711972 1
-16.643248 18.725143 1
13.014546 -11.078677 1
33.880207 -1.6491401 1
-17.065767 9.328038 0
-28.125202 30.339462 1
-16.160828 -8.2262335 1
13.648948 -6.609331 1
-16.407759 7.1835117 0
-23.590727 15.469557 1
13.078841 -14.666965 1
9.393896 4.1345534 0
-27.77277 10.897617 0
-26.394606 30.73593 0
-21.60973 11.108762 1
-4.8031054 10.18297 0
-25.471437 11.913093 0
-13.344667 4.2277956 1
-28.008595 28.966541 0
9.228752 -14.819082 0
-22.25755 5.567501 0
-24.54967 35.721386 0
-18.976036 14.734791 0
1.6628435 -6.4242935 1
4.622718 5.1338854 0
-2.8855982 -15.104621 0
-26.51334 28.264006 0
41.76712 -11.217819 0
-25.724249 10.838971 0
10.3980665 -3.0573418 0
-30.882673 17.422968 0
-6.095923 -2.279777 1
7.8054023 -8.135647 0
-24.536596 16.537855 0
-30.762943 22.819921 0
-30.186956 28.412165 1
-23.671652 34.50398 0
-29.757635 29.022165 0
16.364561 -4.3778963 0
-27.257223 2.2831106 0
-31.610846 9.187108 1
-23.586958 33.825718 1
7.8674664 2.430337 1
-31.794956 8.705121 0
-30.679054 27.99126 0
7.8463993 2.387368 0
-2.3979282 12.55198 0
-30.064173 28.390009 0
-23.032839 35.563866 0
-21.499802 32.718887 1
8.105387 1.8418111 0
